2022/03/24-15:55:01.743959 20931c600 RocksDB version: 6.12.7
2022/03/24-15:55:01.744315 20931c600 Git sha rocksdb_build_git_sha:@0@
2022/03/24-15:55:01.744318 20931c600 Compile date Jul 27 2021
2022/03/24-15:55:01.744333 20931c600 DB SUMMARY
2022/03/24-15:55:01.744335 20931c600 DB Session ID:  3PQNQ82RO2VJK74Q94J2
2022/03/24-15:55:01.744361 20931c600 SST files in /Users/jiujiangzhang/work/motoko/study/hello/.dfx/state/replicated_state/node-100/ic_consensus_pool/consensus dir, Total Num: 0, files: 
2022/03/24-15:55:01.744362 20931c600 Write Ahead Log file in /Users/jiujiangzhang/work/motoko/study/hello/.dfx/state/replicated_state/node-100/ic_consensus_pool/consensus: 
2022/03/24-15:55:01.744363 20931c600                         Options.error_if_exists: 0
2022/03/24-15:55:01.744365 20931c600                       Options.create_if_missing: 1
2022/03/24-15:55:01.744366 20931c600                         Options.paranoid_checks: 1
2022/03/24-15:55:01.744367 20931c600                                     Options.env: 0x107077068
2022/03/24-15:55:01.744368 20931c600                                      Options.fs: Posix File System
2022/03/24-15:55:01.744369 20931c600                                Options.info_log: 0x600001631360
2022/03/24-15:55:01.744370 20931c600                Options.max_file_opening_threads: 16
2022/03/24-15:55:01.744370 20931c600                              Options.statistics: 0x0
2022/03/24-15:55:01.744371 20931c600                               Options.use_fsync: 1
2022/03/24-15:55:01.744372 20931c600                       Options.max_log_file_size: 0
2022/03/24-15:55:01.744373 20931c600                  Options.max_manifest_file_size: 1073741824
2022/03/24-15:55:01.744374 20931c600                   Options.log_file_time_to_roll: 0
2022/03/24-15:55:01.744375 20931c600                       Options.keep_log_file_num: 1000
2022/03/24-15:55:01.744375 20931c600                    Options.recycle_log_file_num: 0
2022/03/24-15:55:01.744376 20931c600                         Options.allow_fallocate: 1
2022/03/24-15:55:01.744377 20931c600                        Options.allow_mmap_reads: 0
2022/03/24-15:55:01.744378 20931c600                       Options.allow_mmap_writes: 0
2022/03/24-15:55:01.744378 20931c600                        Options.use_direct_reads: 0
2022/03/24-15:55:01.744379 20931c600                        Options.use_direct_io_for_flush_and_compaction: 0
2022/03/24-15:55:01.744380 20931c600          Options.create_missing_column_families: 1
2022/03/24-15:55:01.744381 20931c600                              Options.db_log_dir: 
2022/03/24-15:55:01.744382 20931c600                                 Options.wal_dir: /Users/jiujiangzhang/work/motoko/study/hello/.dfx/state/replicated_state/node-100/ic_consensus_pool/consensus
2022/03/24-15:55:01.744382 20931c600                Options.table_cache_numshardbits: 6
2022/03/24-15:55:01.744383 20931c600                         Options.WAL_ttl_seconds: 0
2022/03/24-15:55:01.744384 20931c600                       Options.WAL_size_limit_MB: 0
2022/03/24-15:55:01.744385 20931c600                        Options.max_write_batch_group_size_bytes: 1048576
2022/03/24-15:55:01.744386 20931c600             Options.manifest_preallocation_size: 4194304
2022/03/24-15:55:01.744386 20931c600                     Options.is_fd_close_on_exec: 1
2022/03/24-15:55:01.744387 20931c600                   Options.advise_random_on_open: 1
2022/03/24-15:55:01.744388 20931c600                    Options.db_write_buffer_size: 0
2022/03/24-15:55:01.744389 20931c600                    Options.write_buffer_manager: 0x600003b3f5d0
2022/03/24-15:55:01.744389 20931c600         Options.access_hint_on_compaction_start: 1
2022/03/24-15:55:01.744390 20931c600  Options.new_table_reader_for_compaction_inputs: 0
2022/03/24-15:55:01.744391 20931c600           Options.random_access_max_buffer_size: 1048576
2022/03/24-15:55:01.744392 20931c600                      Options.use_adaptive_mutex: 0
2022/03/24-15:55:01.744392 20931c600                            Options.rate_limiter: 0x0
2022/03/24-15:55:01.744394 20931c600     Options.sst_file_manager.rate_bytes_per_sec: 0
2022/03/24-15:55:01.744414 20931c600                       Options.wal_recovery_mode: 2
2022/03/24-15:55:01.744415 20931c600                  Options.enable_thread_tracking: 0
2022/03/24-15:55:01.744416 20931c600                  Options.enable_pipelined_write: 0
2022/03/24-15:55:01.744416 20931c600                  Options.unordered_write: 0
2022/03/24-15:55:01.744417 20931c600         Options.allow_concurrent_memtable_write: 1
2022/03/24-15:55:01.744418 20931c600      Options.enable_write_thread_adaptive_yield: 1
2022/03/24-15:55:01.744419 20931c600             Options.write_thread_max_yield_usec: 100
2022/03/24-15:55:01.744419 20931c600            Options.write_thread_slow_yield_usec: 3
2022/03/24-15:55:01.744420 20931c600                               Options.row_cache: None
2022/03/24-15:55:01.744422 20931c600                              Options.wal_filter: None
2022/03/24-15:55:01.744424 20931c600             Options.avoid_flush_during_recovery: 0
2022/03/24-15:55:01.744424 20931c600             Options.allow_ingest_behind: 0
2022/03/24-15:55:01.744425 20931c600             Options.preserve_deletes: 0
2022/03/24-15:55:01.744426 20931c600             Options.two_write_queues: 0
2022/03/24-15:55:01.744427 20931c600             Options.manual_wal_flush: 0
2022/03/24-15:55:01.744427 20931c600             Options.atomic_flush: 0
2022/03/24-15:55:01.744428 20931c600             Options.avoid_unnecessary_blocking_io: 0
2022/03/24-15:55:01.744429 20931c600                 Options.persist_stats_to_disk: 0
2022/03/24-15:55:01.744430 20931c600                 Options.write_dbid_to_manifest: 0
2022/03/24-15:55:01.744431 20931c600                 Options.log_readahead_size: 0
2022/03/24-15:55:01.744432 20931c600                 Options.file_checksum_gen_factory: Unknown
2022/03/24-15:55:01.744434 20931c600                 Options.best_efforts_recovery: 0
2022/03/24-15:55:01.744434 20931c600                Options.max_bgerror_resume_count: 2147483647
2022/03/24-15:55:01.744435 20931c600            Options.bgerror_resume_retry_interval: 1000000
2022/03/24-15:55:01.744436 20931c600             Options.max_background_jobs: 2
2022/03/24-15:55:01.744437 20931c600             Options.max_background_compactions: -1
2022/03/24-15:55:01.744438 20931c600             Options.max_subcompactions: 1
2022/03/24-15:55:01.744438 20931c600             Options.avoid_flush_during_shutdown: 0
2022/03/24-15:55:01.744439 20931c600           Options.writable_file_max_buffer_size: 1048576
2022/03/24-15:55:01.744440 20931c600             Options.delayed_write_rate : 16777216
2022/03/24-15:55:01.744441 20931c600             Options.max_total_wal_size: 0
2022/03/24-15:55:01.744441 20931c600             Options.delete_obsolete_files_period_micros: 21600000000
2022/03/24-15:55:01.744442 20931c600                   Options.stats_dump_period_sec: 600
2022/03/24-15:55:01.744443 20931c600                 Options.stats_persist_period_sec: 600
2022/03/24-15:55:01.744444 20931c600                 Options.stats_history_buffer_size: 1048576
2022/03/24-15:55:01.744445 20931c600                          Options.max_open_files: -1
2022/03/24-15:55:01.744446 20931c600                          Options.bytes_per_sync: 0
2022/03/24-15:55:01.744446 20931c600                      Options.wal_bytes_per_sync: 0
2022/03/24-15:55:01.744447 20931c600                   Options.strict_bytes_per_sync: 0
2022/03/24-15:55:01.744448 20931c600       Options.compaction_readahead_size: 0
2022/03/24-15:55:01.744449 20931c600                  Options.max_background_flushes: -1
2022/03/24-15:55:01.744449 20931c600 Compression algorithms supported:
2022/03/24-15:55:01.744451 20931c600 	kZSTD supported: 1
2022/03/24-15:55:01.744452 20931c600 	kZlibCompression supported: 1
2022/03/24-15:55:01.744462 20931c600 	kXpressCompression supported: 0
2022/03/24-15:55:01.744463 20931c600 	kSnappyCompression supported: 1
2022/03/24-15:55:01.744464 20931c600 	kZSTDNotFinalCompression supported: 1
2022/03/24-15:55:01.744465 20931c600 	kLZ4HCCompression supported: 1
2022/03/24-15:55:01.744466 20931c600 	kLZ4Compression supported: 1
2022/03/24-15:55:01.744480 20931c600 	kBZip2Compression supported: 1
2022/03/24-15:55:01.744482 20931c600 Fast CRC32 supported: Supported on x86
2022/03/24-15:55:01.744799 20931c600 [db/db_impl/db_impl_open.cc:271] Creating manifest 1 
2022/03/24-15:55:01.745251 20931c600 [db/version_set.cc:4560] Recovering from manifest file: /Users/jiujiangzhang/work/motoko/study/hello/.dfx/state/replicated_state/node-100/ic_consensus_pool/consensus/MANIFEST-000001
2022/03/24-15:55:01.745293 20931c600 [db/column_family.cc:580] --------------- Options for column family [default]:
2022/03/24-15:55:01.745296 20931c600               Options.comparator: leveldb.BytewiseComparator
2022/03/24-15:55:01.745297 20931c600           Options.merge_operator: None
2022/03/24-15:55:01.745298 20931c600        Options.compaction_filter: None
2022/03/24-15:55:01.745298 20931c600        Options.compaction_filter_factory: None
2022/03/24-15:55:01.745300 20931c600  Options.sst_partitioner_factory: None
2022/03/24-15:55:01.745301 20931c600         Options.memtable_factory: SkipListFactory
2022/03/24-15:55:01.745302 20931c600            Options.table_factory: BlockBasedTable
2022/03/24-15:55:01.745321 20931c600            table_factory options:   flush_block_policy_factory: FlushBlockBySizePolicyFactory (0x60000373e7d0)
  cache_index_and_filter_blocks: 0
  cache_index_and_filter_blocks_with_high_priority: 1
  pin_l0_filter_and_index_blocks_in_cache: 0
  pin_top_level_index_and_filter: 1
  index_type: 0
  data_block_index_type: 0
  index_shortening: 1
  data_block_hash_table_util_ratio: 0.750000
  hash_index_allow_collision: 1
  checksum: 1
  no_block_cache: 0
  block_cache: 0x600000432bd8
  block_cache_name: LRUCache
  block_cache_options:
    capacity : 8388608
    num_shard_bits : 4
    strict_capacity_limit : 0
    memory_allocator : None
    high_pri_pool_ratio: 0.000
  block_cache_compressed: 0x0
  persistent_cache: 0x0
  block_size: 4096
  block_size_deviation: 10
  block_restart_interval: 16
  index_block_restart_interval: 1
  metadata_block_size: 4096
  partition_filters: 0
  use_delta_encoding: 1
  filter_policy: nullptr
  whole_key_filtering: 1
  verify_compression: 0
  read_amp_bytes_per_bit: 0
  format_version: 4
  enable_index_compression: 1
  block_align: 0
2022/03/24-15:55:01.745324 20931c600        Options.write_buffer_size: 67108864
2022/03/24-15:55:01.745325 20931c600  Options.max_write_buffer_number: 2
2022/03/24-15:55:01.745327 20931c600          Options.compression: Snappy
2022/03/24-15:55:01.745328 20931c600                  Options.bottommost_compression: Disabled
2022/03/24-15:55:01.745329 20931c600       Options.prefix_extractor: nullptr
2022/03/24-15:55:01.745330 20931c600   Options.memtable_insert_with_hint_prefix_extractor: nullptr
2022/03/24-15:55:01.745330 20931c600             Options.num_levels: 7
2022/03/24-15:55:01.745331 20931c600        Options.min_write_buffer_number_to_merge: 1
2022/03/24-15:55:01.745332 20931c600     Options.max_write_buffer_number_to_maintain: 0
2022/03/24-15:55:01.745333 20931c600     Options.max_write_buffer_size_to_maintain: 0
2022/03/24-15:55:01.745334 20931c600            Options.bottommost_compression_opts.window_bits: -14
2022/03/24-15:55:01.745334 20931c600                  Options.bottommost_compression_opts.level: 32767
2022/03/24-15:55:01.745335 20931c600               Options.bottommost_compression_opts.strategy: 0
2022/03/24-15:55:01.745336 20931c600         Options.bottommost_compression_opts.max_dict_bytes: 0
2022/03/24-15:55:01.745337 20931c600         Options.bottommost_compression_opts.zstd_max_train_bytes: 0
2022/03/24-15:55:01.745338 20931c600         Options.bottommost_compression_opts.parallel_threads: 1
2022/03/24-15:55:01.745338 20931c600                  Options.bottommost_compression_opts.enabled: false
2022/03/24-15:55:01.745339 20931c600            Options.compression_opts.window_bits: -14
2022/03/24-15:55:01.745340 20931c600                  Options.compression_opts.level: 32767
2022/03/24-15:55:01.745341 20931c600               Options.compression_opts.strategy: 0
2022/03/24-15:55:01.745359 20931c600         Options.compression_opts.max_dict_bytes: 0
2022/03/24-15:55:01.745360 20931c600         Options.compression_opts.zstd_max_train_bytes: 0
2022/03/24-15:55:01.745361 20931c600         Options.compression_opts.parallel_threads: 1
2022/03/24-15:55:01.745362 20931c600                  Options.compression_opts.enabled: false
2022/03/24-15:55:01.745363 20931c600      Options.level0_file_num_compaction_trigger: 4
2022/03/24-15:55:01.745364 20931c600          Options.level0_slowdown_writes_trigger: 20
2022/03/24-15:55:01.745364 20931c600              Options.level0_stop_writes_trigger: 36
2022/03/24-15:55:01.745365 20931c600                   Options.target_file_size_base: 67108864
2022/03/24-15:55:01.745366 20931c600             Options.target_file_size_multiplier: 1
2022/03/24-15:55:01.745367 20931c600                Options.max_bytes_for_level_base: 268435456
2022/03/24-15:55:01.745368 20931c600 Options.level_compaction_dynamic_level_bytes: 0
2022/03/24-15:55:01.745368 20931c600          Options.max_bytes_for_level_multiplier: 10.000000
2022/03/24-15:55:01.745369 20931c600 Options.max_bytes_for_level_multiplier_addtl[0]: 1
2022/03/24-15:55:01.745370 20931c600 Options.max_bytes_for_level_multiplier_addtl[1]: 1
2022/03/24-15:55:01.745371 20931c600 Options.max_bytes_for_level_multiplier_addtl[2]: 1
2022/03/24-15:55:01.745372 20931c600 Options.max_bytes_for_level_multiplier_addtl[3]: 1
2022/03/24-15:55:01.745373 20931c600 Options.max_bytes_for_level_multiplier_addtl[4]: 1
2022/03/24-15:55:01.745374 20931c600 Options.max_bytes_for_level_multiplier_addtl[5]: 1
2022/03/24-15:55:01.745374 20931c600 Options.max_bytes_for_level_multiplier_addtl[6]: 1
2022/03/24-15:55:01.745375 20931c600       Options.max_sequential_skip_in_iterations: 8
2022/03/24-15:55:01.745376 20931c600                    Options.max_compaction_bytes: 1677721600
2022/03/24-15:55:01.745377 20931c600                        Options.arena_block_size: 8388608
2022/03/24-15:55:01.745377 20931c600   Options.soft_pending_compaction_bytes_limit: 68719476736
2022/03/24-15:55:01.745378 20931c600   Options.hard_pending_compaction_bytes_limit: 274877906944
2022/03/24-15:55:01.745379 20931c600       Options.rate_limit_delay_max_milliseconds: 100
2022/03/24-15:55:01.745380 20931c600                Options.disable_auto_compactions: 0
2022/03/24-15:55:01.745381 20931c600                        Options.compaction_style: kCompactionStyleLevel
2022/03/24-15:55:01.745382 20931c600                          Options.compaction_pri: kMinOverlappingRatio
2022/03/24-15:55:01.745383 20931c600 Options.compaction_options_universal.size_ratio: 1
2022/03/24-15:55:01.745384 20931c600 Options.compaction_options_universal.min_merge_width: 2
2022/03/24-15:55:01.745384 20931c600 Options.compaction_options_universal.max_merge_width: 4294967295
2022/03/24-15:55:01.745385 20931c600 Options.compaction_options_universal.max_size_amplification_percent: 200
2022/03/24-15:55:01.745386 20931c600 Options.compaction_options_universal.compression_size_percent: -1
2022/03/24-15:55:01.745387 20931c600 Options.compaction_options_universal.stop_style: kCompactionStopStyleTotalSize
2022/03/24-15:55:01.745388 20931c600 Options.compaction_options_fifo.max_table_files_size: 1073741824
2022/03/24-15:55:01.745389 20931c600 Options.compaction_options_fifo.allow_compaction: 0
2022/03/24-15:55:01.745391 20931c600                   Options.table_properties_collectors: 
2022/03/24-15:55:01.745392 20931c600                   Options.inplace_update_support: 0
2022/03/24-15:55:01.745392 20931c600                 Options.inplace_update_num_locks: 10000
2022/03/24-15:55:01.745393 20931c600               Options.memtable_prefix_bloom_size_ratio: 0.000000
2022/03/24-15:55:01.745394 20931c600               Options.memtable_whole_key_filtering: 0
2022/03/24-15:55:01.745395 20931c600   Options.memtable_huge_page_size: 0
2022/03/24-15:55:01.745396 20931c600                           Options.bloom_locality: 0
2022/03/24-15:55:01.745396 20931c600                    Options.max_successive_merges: 0
2022/03/24-15:55:01.745414 20931c600                Options.optimize_filters_for_hits: 0
2022/03/24-15:55:01.745415 20931c600                Options.paranoid_file_checks: 0
2022/03/24-15:55:01.745416 20931c600                Options.force_consistency_checks: 0
2022/03/24-15:55:01.745416 20931c600                Options.report_bg_io_stats: 0
2022/03/24-15:55:01.745417 20931c600                               Options.ttl: 2592000
2022/03/24-15:55:01.745418 20931c600          Options.periodic_compaction_seconds: 0
2022/03/24-15:55:01.746255 20931c600 [db/version_set.cc:4718] Recovered from manifest file:/Users/jiujiangzhang/work/motoko/study/hello/.dfx/state/replicated_state/node-100/ic_consensus_pool/consensus/MANIFEST-000001 succeeded,manifest_file_number is 1, next_file_number is 3, last_sequence is 0, log_number is 0,prev_log_number is 0,max_column_family is 0,min_log_number_to_keep is 0
2022/03/24-15:55:01.746260 20931c600 [db/version_set.cc:4727] Column family [default] (ID 0), log number is 0
2022/03/24-15:55:01.746421 20931c600 [db/version_set.cc:3950] Creating manifest 4
2022/03/24-15:55:01.746793 20931c600 [db/column_family.cc:580] --------------- Options for column family [RB]:
2022/03/24-15:55:01.746795 20931c600               Options.comparator: leveldb.BytewiseComparator
2022/03/24-15:55:01.746796 20931c600           Options.merge_operator: None
2022/03/24-15:55:01.746798 20931c600        Options.compaction_filter: filter_outdated
2022/03/24-15:55:01.746799 20931c600        Options.compaction_filter_factory: None
2022/03/24-15:55:01.746800 20931c600  Options.sst_partitioner_factory: None
2022/03/24-15:55:01.746801 20931c600         Options.memtable_factory: SkipListFactory
2022/03/24-15:55:01.746801 20931c600            Options.table_factory: BlockBasedTable
2022/03/24-15:55:01.746814 20931c600            table_factory options:   flush_block_policy_factory: FlushBlockBySizePolicyFactory (0x60000373e400)
  cache_index_and_filter_blocks: 0
  cache_index_and_filter_blocks_with_high_priority: 1
  pin_l0_filter_and_index_blocks_in_cache: 0
  pin_top_level_index_and_filter: 1
  index_type: 0
  data_block_index_type: 0
  index_shortening: 1
  data_block_hash_table_util_ratio: 0.750000
  hash_index_allow_collision: 1
  checksum: 1
  no_block_cache: 0
  block_cache: 0x600000432458
  block_cache_name: LRUCache
  block_cache_options:
    capacity : 8388608
    num_shard_bits : 4
    strict_capacity_limit : 0
    memory_allocator : None
    high_pri_pool_ratio: 0.000
  block_cache_compressed: 0x0
  persistent_cache: 0x0
  block_size: 4096
  block_size_deviation: 10
  block_restart_interval: 16
  index_block_restart_interval: 1
  metadata_block_size: 4096
  partition_filters: 0
  use_delta_encoding: 1
  filter_policy: nullptr
  whole_key_filtering: 1
  verify_compression: 0
  read_amp_bytes_per_bit: 0
  format_version: 4
  enable_index_compression: 1
  block_align: 0
2022/03/24-15:55:01.746816 20931c600        Options.write_buffer_size: 67108864
2022/03/24-15:55:01.746817 20931c600  Options.max_write_buffer_number: 2
2022/03/24-15:55:01.746818 20931c600          Options.compression: NoCompression
2022/03/24-15:55:01.746819 20931c600                  Options.bottommost_compression: Disabled
2022/03/24-15:55:01.746820 20931c600       Options.prefix_extractor: nullptr
2022/03/24-15:55:01.746821 20931c600   Options.memtable_insert_with_hint_prefix_extractor: nullptr
2022/03/24-15:55:01.746822 20931c600             Options.num_levels: 7
2022/03/24-15:55:01.746822 20931c600        Options.min_write_buffer_number_to_merge: 1
2022/03/24-15:55:01.746823 20931c600     Options.max_write_buffer_number_to_maintain: 0
2022/03/24-15:55:01.746824 20931c600     Options.max_write_buffer_size_to_maintain: 0
2022/03/24-15:55:01.746825 20931c600            Options.bottommost_compression_opts.window_bits: -14
2022/03/24-15:55:01.746825 20931c600                  Options.bottommost_compression_opts.level: 32767
2022/03/24-15:55:01.746826 20931c600               Options.bottommost_compression_opts.strategy: 0
2022/03/24-15:55:01.746827 20931c600         Options.bottommost_compression_opts.max_dict_bytes: 0
2022/03/24-15:55:01.746828 20931c600         Options.bottommost_compression_opts.zstd_max_train_bytes: 0
2022/03/24-15:55:01.746829 20931c600         Options.bottommost_compression_opts.parallel_threads: 1
2022/03/24-15:55:01.746829 20931c600                  Options.bottommost_compression_opts.enabled: false
2022/03/24-15:55:01.746830 20931c600            Options.compression_opts.window_bits: -14
2022/03/24-15:55:01.746831 20931c600                  Options.compression_opts.level: 32767
2022/03/24-15:55:01.746832 20931c600               Options.compression_opts.strategy: 0
2022/03/24-15:55:01.746833 20931c600         Options.compression_opts.max_dict_bytes: 0
2022/03/24-15:55:01.746833 20931c600         Options.compression_opts.zstd_max_train_bytes: 0
2022/03/24-15:55:01.746834 20931c600         Options.compression_opts.parallel_threads: 1
2022/03/24-15:55:01.746835 20931c600                  Options.compression_opts.enabled: false
2022/03/24-15:55:01.746836 20931c600      Options.level0_file_num_compaction_trigger: 4
2022/03/24-15:55:01.746851 20931c600          Options.level0_slowdown_writes_trigger: 20
2022/03/24-15:55:01.746852 20931c600              Options.level0_stop_writes_trigger: 36
2022/03/24-15:55:01.746852 20931c600                   Options.target_file_size_base: 67108864
2022/03/24-15:55:01.746853 20931c600             Options.target_file_size_multiplier: 1
2022/03/24-15:55:01.746854 20931c600                Options.max_bytes_for_level_base: 268435456
2022/03/24-15:55:01.746855 20931c600 Options.level_compaction_dynamic_level_bytes: 0
2022/03/24-15:55:01.746856 20931c600          Options.max_bytes_for_level_multiplier: 10.000000
2022/03/24-15:55:01.746857 20931c600 Options.max_bytes_for_level_multiplier_addtl[0]: 1
2022/03/24-15:55:01.746858 20931c600 Options.max_bytes_for_level_multiplier_addtl[1]: 1
2022/03/24-15:55:01.746858 20931c600 Options.max_bytes_for_level_multiplier_addtl[2]: 1
2022/03/24-15:55:01.746859 20931c600 Options.max_bytes_for_level_multiplier_addtl[3]: 1
2022/03/24-15:55:01.746860 20931c600 Options.max_bytes_for_level_multiplier_addtl[4]: 1
2022/03/24-15:55:01.746861 20931c600 Options.max_bytes_for_level_multiplier_addtl[5]: 1
2022/03/24-15:55:01.746861 20931c600 Options.max_bytes_for_level_multiplier_addtl[6]: 1
2022/03/24-15:55:01.746862 20931c600       Options.max_sequential_skip_in_iterations: 8
2022/03/24-15:55:01.746863 20931c600                    Options.max_compaction_bytes: 1677721600
2022/03/24-15:55:01.746864 20931c600                        Options.arena_block_size: 8388608
2022/03/24-15:55:01.746865 20931c600   Options.soft_pending_compaction_bytes_limit: 68719476736
2022/03/24-15:55:01.746866 20931c600   Options.hard_pending_compaction_bytes_limit: 274877906944
2022/03/24-15:55:01.746866 20931c600       Options.rate_limit_delay_max_milliseconds: 100
2022/03/24-15:55:01.746867 20931c600                Options.disable_auto_compactions: 1
2022/03/24-15:55:01.746868 20931c600                        Options.compaction_style: kCompactionStyleLevel
2022/03/24-15:55:01.746869 20931c600                          Options.compaction_pri: kMinOverlappingRatio
2022/03/24-15:55:01.746870 20931c600 Options.compaction_options_universal.size_ratio: 1
2022/03/24-15:55:01.746870 20931c600 Options.compaction_options_universal.min_merge_width: 2
2022/03/24-15:55:01.746871 20931c600 Options.compaction_options_universal.max_merge_width: 4294967295
2022/03/24-15:55:01.746872 20931c600 Options.compaction_options_universal.max_size_amplification_percent: 200
2022/03/24-15:55:01.746873 20931c600 Options.compaction_options_universal.compression_size_percent: -1
2022/03/24-15:55:01.746874 20931c600 Options.compaction_options_universal.stop_style: kCompactionStopStyleTotalSize
2022/03/24-15:55:01.746875 20931c600 Options.compaction_options_fifo.max_table_files_size: 1073741824
2022/03/24-15:55:01.746876 20931c600 Options.compaction_options_fifo.allow_compaction: 0
2022/03/24-15:55:01.746877 20931c600                   Options.table_properties_collectors: 
2022/03/24-15:55:01.746877 20931c600                   Options.inplace_update_support: 0
2022/03/24-15:55:01.746878 20931c600                 Options.inplace_update_num_locks: 10000
2022/03/24-15:55:01.746879 20931c600               Options.memtable_prefix_bloom_size_ratio: 0.000000
2022/03/24-15:55:01.746880 20931c600               Options.memtable_whole_key_filtering: 0
2022/03/24-15:55:01.746881 20931c600   Options.memtable_huge_page_size: 0
2022/03/24-15:55:01.746881 20931c600                           Options.bloom_locality: 0
2022/03/24-15:55:01.746882 20931c600                    Options.max_successive_merges: 0
2022/03/24-15:55:01.746883 20931c600                Options.optimize_filters_for_hits: 0
2022/03/24-15:55:01.746884 20931c600                Options.paranoid_file_checks: 0
2022/03/24-15:55:01.746884 20931c600                Options.force_consistency_checks: 0
2022/03/24-15:55:01.746885 20931c600                Options.report_bg_io_stats: 0
2022/03/24-15:55:01.746886 20931c600                               Options.ttl: 2592000
2022/03/24-15:55:01.746887 20931c600          Options.periodic_compaction_seconds: 2592000
2022/03/24-15:55:01.746931 20931c600 [db/db_impl/db_impl.cc:2563] Created column family [RB] (ID 1)
2022/03/24-15:55:01.747807 20931c600 [db/column_family.cc:580] --------------- Options for column family [FZ]:
2022/03/24-15:55:01.747809 20931c600               Options.comparator: leveldb.BytewiseComparator
2022/03/24-15:55:01.747810 20931c600           Options.merge_operator: None
2022/03/24-15:55:01.747811 20931c600        Options.compaction_filter: filter_outdated
2022/03/24-15:55:01.747812 20931c600        Options.compaction_filter_factory: None
2022/03/24-15:55:01.747812 20931c600  Options.sst_partitioner_factory: None
2022/03/24-15:55:01.747813 20931c600         Options.memtable_factory: SkipListFactory
2022/03/24-15:55:01.747814 20931c600            Options.table_factory: BlockBasedTable
2022/03/24-15:55:01.747827 20931c600            table_factory options:   flush_block_policy_factory: FlushBlockBySizePolicyFactory (0x60000373e450)
  cache_index_and_filter_blocks: 0
  cache_index_and_filter_blocks_with_high_priority: 1
  pin_l0_filter_and_index_blocks_in_cache: 0
  pin_top_level_index_and_filter: 1
  index_type: 0
  data_block_index_type: 0
  index_shortening: 1
  data_block_hash_table_util_ratio: 0.750000
  hash_index_allow_collision: 1
  checksum: 1
  no_block_cache: 0
  block_cache: 0x6000004324f8
  block_cache_name: LRUCache
  block_cache_options:
    capacity : 8388608
    num_shard_bits : 4
    strict_capacity_limit : 0
    memory_allocator : None
    high_pri_pool_ratio: 0.000
  block_cache_compressed: 0x0
  persistent_cache: 0x0
  block_size: 4096
  block_size_deviation: 10
  block_restart_interval: 16
  index_block_restart_interval: 1
  metadata_block_size: 4096
  partition_filters: 0
  use_delta_encoding: 1
  filter_policy: nullptr
  whole_key_filtering: 1
  verify_compression: 0
  read_amp_bytes_per_bit: 0
  format_version: 4
  enable_index_compression: 1
  block_align: 0
2022/03/24-15:55:01.747829 20931c600        Options.write_buffer_size: 67108864
2022/03/24-15:55:01.747829 20931c600  Options.max_write_buffer_number: 2
2022/03/24-15:55:01.747830 20931c600          Options.compression: NoCompression
2022/03/24-15:55:01.747831 20931c600                  Options.bottommost_compression: Disabled
2022/03/24-15:55:01.747832 20931c600       Options.prefix_extractor: nullptr
2022/03/24-15:55:01.747833 20931c600   Options.memtable_insert_with_hint_prefix_extractor: nullptr
2022/03/24-15:55:01.747833 20931c600             Options.num_levels: 7
2022/03/24-15:55:01.747834 20931c600        Options.min_write_buffer_number_to_merge: 1
2022/03/24-15:55:01.747835 20931c600     Options.max_write_buffer_number_to_maintain: 0
2022/03/24-15:55:01.747836 20931c600     Options.max_write_buffer_size_to_maintain: 0
2022/03/24-15:55:01.747837 20931c600            Options.bottommost_compression_opts.window_bits: -14
2022/03/24-15:55:01.747837 20931c600                  Options.bottommost_compression_opts.level: 32767
2022/03/24-15:55:01.747838 20931c600               Options.bottommost_compression_opts.strategy: 0
2022/03/24-15:55:01.747839 20931c600         Options.bottommost_compression_opts.max_dict_bytes: 0
2022/03/24-15:55:01.747840 20931c600         Options.bottommost_compression_opts.zstd_max_train_bytes: 0
2022/03/24-15:55:01.747841 20931c600         Options.bottommost_compression_opts.parallel_threads: 1
2022/03/24-15:55:01.747841 20931c600                  Options.bottommost_compression_opts.enabled: false
2022/03/24-15:55:01.747842 20931c600            Options.compression_opts.window_bits: -14
2022/03/24-15:55:01.747843 20931c600                  Options.compression_opts.level: 32767
2022/03/24-15:55:01.747844 20931c600               Options.compression_opts.strategy: 0
2022/03/24-15:55:01.747845 20931c600         Options.compression_opts.max_dict_bytes: 0
2022/03/24-15:55:01.747845 20931c600         Options.compression_opts.zstd_max_train_bytes: 0
2022/03/24-15:55:01.747846 20931c600         Options.compression_opts.parallel_threads: 1
2022/03/24-15:55:01.747847 20931c600                  Options.compression_opts.enabled: false
2022/03/24-15:55:01.747848 20931c600      Options.level0_file_num_compaction_trigger: 4
2022/03/24-15:55:01.747865 20931c600          Options.level0_slowdown_writes_trigger: 20
2022/03/24-15:55:01.747866 20931c600              Options.level0_stop_writes_trigger: 36
2022/03/24-15:55:01.747866 20931c600                   Options.target_file_size_base: 67108864
2022/03/24-15:55:01.747867 20931c600             Options.target_file_size_multiplier: 1
2022/03/24-15:55:01.747868 20931c600                Options.max_bytes_for_level_base: 268435456
2022/03/24-15:55:01.747869 20931c600 Options.level_compaction_dynamic_level_bytes: 0
2022/03/24-15:55:01.747870 20931c600          Options.max_bytes_for_level_multiplier: 10.000000
2022/03/24-15:55:01.747870 20931c600 Options.max_bytes_for_level_multiplier_addtl[0]: 1
2022/03/24-15:55:01.747871 20931c600 Options.max_bytes_for_level_multiplier_addtl[1]: 1
2022/03/24-15:55:01.747872 20931c600 Options.max_bytes_for_level_multiplier_addtl[2]: 1
2022/03/24-15:55:01.747873 20931c600 Options.max_bytes_for_level_multiplier_addtl[3]: 1
2022/03/24-15:55:01.747874 20931c600 Options.max_bytes_for_level_multiplier_addtl[4]: 1
2022/03/24-15:55:01.747874 20931c600 Options.max_bytes_for_level_multiplier_addtl[5]: 1
2022/03/24-15:55:01.747875 20931c600 Options.max_bytes_for_level_multiplier_addtl[6]: 1
2022/03/24-15:55:01.747876 20931c600       Options.max_sequential_skip_in_iterations: 8
2022/03/24-15:55:01.747877 20931c600                    Options.max_compaction_bytes: 1677721600
2022/03/24-15:55:01.747878 20931c600                        Options.arena_block_size: 8388608
2022/03/24-15:55:01.747878 20931c600   Options.soft_pending_compaction_bytes_limit: 68719476736
2022/03/24-15:55:01.747879 20931c600   Options.hard_pending_compaction_bytes_limit: 274877906944
2022/03/24-15:55:01.747880 20931c600       Options.rate_limit_delay_max_milliseconds: 100
2022/03/24-15:55:01.747881 20931c600                Options.disable_auto_compactions: 1
2022/03/24-15:55:01.747882 20931c600                        Options.compaction_style: kCompactionStyleLevel
2022/03/24-15:55:01.747883 20931c600                          Options.compaction_pri: kMinOverlappingRatio
2022/03/24-15:55:01.747883 20931c600 Options.compaction_options_universal.size_ratio: 1
2022/03/24-15:55:01.747884 20931c600 Options.compaction_options_universal.min_merge_width: 2
2022/03/24-15:55:01.747885 20931c600 Options.compaction_options_universal.max_merge_width: 4294967295
2022/03/24-15:55:01.747886 20931c600 Options.compaction_options_universal.max_size_amplification_percent: 200
2022/03/24-15:55:01.747886 20931c600 Options.compaction_options_universal.compression_size_percent: -1
2022/03/24-15:55:01.747887 20931c600 Options.compaction_options_universal.stop_style: kCompactionStopStyleTotalSize
2022/03/24-15:55:01.747888 20931c600 Options.compaction_options_fifo.max_table_files_size: 1073741824
2022/03/24-15:55:01.747889 20931c600 Options.compaction_options_fifo.allow_compaction: 0
2022/03/24-15:55:01.747890 20931c600                   Options.table_properties_collectors: 
2022/03/24-15:55:01.747891 20931c600                   Options.inplace_update_support: 0
2022/03/24-15:55:01.747891 20931c600                 Options.inplace_update_num_locks: 10000
2022/03/24-15:55:01.747892 20931c600               Options.memtable_prefix_bloom_size_ratio: 0.000000
2022/03/24-15:55:01.747893 20931c600               Options.memtable_whole_key_filtering: 0
2022/03/24-15:55:01.747894 20931c600   Options.memtable_huge_page_size: 0
2022/03/24-15:55:01.747895 20931c600                           Options.bloom_locality: 0
2022/03/24-15:55:01.747895 20931c600                    Options.max_successive_merges: 0
2022/03/24-15:55:01.747896 20931c600                Options.optimize_filters_for_hits: 0
2022/03/24-15:55:01.747897 20931c600                Options.paranoid_file_checks: 0
2022/03/24-15:55:01.747898 20931c600                Options.force_consistency_checks: 0
2022/03/24-15:55:01.747898 20931c600                Options.report_bg_io_stats: 0
2022/03/24-15:55:01.747899 20931c600                               Options.ttl: 2592000
2022/03/24-15:55:01.747900 20931c600          Options.periodic_compaction_seconds: 2592000
2022/03/24-15:55:01.747932 20931c600 [db/db_impl/db_impl.cc:2563] Created column family [FZ] (ID 2)
2022/03/24-15:55:01.748804 20931c600 [db/column_family.cc:580] --------------- Options for column family [NZ]:
2022/03/24-15:55:01.748806 20931c600               Options.comparator: leveldb.BytewiseComparator
2022/03/24-15:55:01.748807 20931c600           Options.merge_operator: None
2022/03/24-15:55:01.748808 20931c600        Options.compaction_filter: filter_outdated
2022/03/24-15:55:01.748808 20931c600        Options.compaction_filter_factory: None
2022/03/24-15:55:01.748809 20931c600  Options.sst_partitioner_factory: None
2022/03/24-15:55:01.748810 20931c600         Options.memtable_factory: SkipListFactory
2022/03/24-15:55:01.748811 20931c600            Options.table_factory: BlockBasedTable
2022/03/24-15:55:01.748824 20931c600            table_factory options:   flush_block_policy_factory: FlushBlockBySizePolicyFactory (0x60000373e4a0)
  cache_index_and_filter_blocks: 0
  cache_index_and_filter_blocks_with_high_priority: 1
  pin_l0_filter_and_index_blocks_in_cache: 0
  pin_top_level_index_and_filter: 1
  index_type: 0
  data_block_index_type: 0
  index_shortening: 1
  data_block_hash_table_util_ratio: 0.750000
  hash_index_allow_collision: 1
  checksum: 1
  no_block_cache: 0
  block_cache: 0x600000432598
  block_cache_name: LRUCache
  block_cache_options:
    capacity : 8388608
    num_shard_bits : 4
    strict_capacity_limit : 0
    memory_allocator : None
    high_pri_pool_ratio: 0.000
  block_cache_compressed: 0x0
  persistent_cache: 0x0
  block_size: 4096
  block_size_deviation: 10
  block_restart_interval: 16
  index_block_restart_interval: 1
  metadata_block_size: 4096
  partition_filters: 0
  use_delta_encoding: 1
  filter_policy: nullptr
  whole_key_filtering: 1
  verify_compression: 0
  read_amp_bytes_per_bit: 0
  format_version: 4
  enable_index_compression: 1
  block_align: 0
2022/03/24-15:55:01.748825 20931c600        Options.write_buffer_size: 67108864
2022/03/24-15:55:01.748826 20931c600  Options.max_write_buffer_number: 2
2022/03/24-15:55:01.748827 20931c600          Options.compression: NoCompression
2022/03/24-15:55:01.748827 20931c600                  Options.bottommost_compression: Disabled
2022/03/24-15:55:01.748828 20931c600       Options.prefix_extractor: nullptr
2022/03/24-15:55:01.748829 20931c600   Options.memtable_insert_with_hint_prefix_extractor: nullptr
2022/03/24-15:55:01.748830 20931c600             Options.num_levels: 7
2022/03/24-15:55:01.748830 20931c600        Options.min_write_buffer_number_to_merge: 1
2022/03/24-15:55:01.748831 20931c600     Options.max_write_buffer_number_to_maintain: 0
2022/03/24-15:55:01.748832 20931c600     Options.max_write_buffer_size_to_maintain: 0
2022/03/24-15:55:01.748833 20931c600            Options.bottommost_compression_opts.window_bits: -14
2022/03/24-15:55:01.748834 20931c600                  Options.bottommost_compression_opts.level: 32767
2022/03/24-15:55:01.748834 20931c600               Options.bottommost_compression_opts.strategy: 0
2022/03/24-15:55:01.748835 20931c600         Options.bottommost_compression_opts.max_dict_bytes: 0
2022/03/24-15:55:01.748836 20931c600         Options.bottommost_compression_opts.zstd_max_train_bytes: 0
2022/03/24-15:55:01.748837 20931c600         Options.bottommost_compression_opts.parallel_threads: 1
2022/03/24-15:55:01.748837 20931c600                  Options.bottommost_compression_opts.enabled: false
2022/03/24-15:55:01.748838 20931c600            Options.compression_opts.window_bits: -14
2022/03/24-15:55:01.748839 20931c600                  Options.compression_opts.level: 32767
2022/03/24-15:55:01.748840 20931c600               Options.compression_opts.strategy: 0
2022/03/24-15:55:01.748841 20931c600         Options.compression_opts.max_dict_bytes: 0
2022/03/24-15:55:01.748841 20931c600         Options.compression_opts.zstd_max_train_bytes: 0
2022/03/24-15:55:01.748842 20931c600         Options.compression_opts.parallel_threads: 1
2022/03/24-15:55:01.748843 20931c600                  Options.compression_opts.enabled: false
2022/03/24-15:55:01.748844 20931c600      Options.level0_file_num_compaction_trigger: 4
2022/03/24-15:55:01.748859 20931c600          Options.level0_slowdown_writes_trigger: 20
2022/03/24-15:55:01.748860 20931c600              Options.level0_stop_writes_trigger: 36
2022/03/24-15:55:01.748861 20931c600                   Options.target_file_size_base: 67108864
2022/03/24-15:55:01.748862 20931c600             Options.target_file_size_multiplier: 1
2022/03/24-15:55:01.748862 20931c600                Options.max_bytes_for_level_base: 268435456
2022/03/24-15:55:01.748863 20931c600 Options.level_compaction_dynamic_level_bytes: 0
2022/03/24-15:55:01.748864 20931c600          Options.max_bytes_for_level_multiplier: 10.000000
2022/03/24-15:55:01.748865 20931c600 Options.max_bytes_for_level_multiplier_addtl[0]: 1
2022/03/24-15:55:01.748866 20931c600 Options.max_bytes_for_level_multiplier_addtl[1]: 1
2022/03/24-15:55:01.748866 20931c600 Options.max_bytes_for_level_multiplier_addtl[2]: 1
2022/03/24-15:55:01.748867 20931c600 Options.max_bytes_for_level_multiplier_addtl[3]: 1
2022/03/24-15:55:01.748868 20931c600 Options.max_bytes_for_level_multiplier_addtl[4]: 1
2022/03/24-15:55:01.748869 20931c600 Options.max_bytes_for_level_multiplier_addtl[5]: 1
2022/03/24-15:55:01.748870 20931c600 Options.max_bytes_for_level_multiplier_addtl[6]: 1
2022/03/24-15:55:01.748870 20931c600       Options.max_sequential_skip_in_iterations: 8
2022/03/24-15:55:01.748871 20931c600                    Options.max_compaction_bytes: 1677721600
2022/03/24-15:55:01.748872 20931c600                        Options.arena_block_size: 8388608
