2022/03/24-15:55:01.771537 20931c600 RocksDB version: 6.12.7
2022/03/24-15:55:01.771563 20931c600 Git sha rocksdb_build_git_sha:@0@
2022/03/24-15:55:01.771564 20931c600 Compile date Jul 27 2021
2022/03/24-15:55:01.771572 20931c600 DB SUMMARY
2022/03/24-15:55:01.771573 20931c600 DB Session ID:  OB2RC49C5NE5LZSP8V8H
2022/03/24-15:55:01.771588 20931c600 SST files in /Users/jiujiangzhang/work/motoko/study/hello/.dfx/state/replicated_state/node-100/ic_consensus_pool/certification dir, Total Num: 0, files: 
2022/03/24-15:55:01.771589 20931c600 Write Ahead Log file in /Users/jiujiangzhang/work/motoko/study/hello/.dfx/state/replicated_state/node-100/ic_consensus_pool/certification: 
2022/03/24-15:55:01.771590 20931c600                         Options.error_if_exists: 0
2022/03/24-15:55:01.771591 20931c600                       Options.create_if_missing: 1
2022/03/24-15:55:01.771592 20931c600                         Options.paranoid_checks: 1
2022/03/24-15:55:01.771593 20931c600                                     Options.env: 0x107077068
2022/03/24-15:55:01.771594 20931c600                                      Options.fs: Posix File System
2022/03/24-15:55:01.771595 20931c600                                Options.info_log: 0x60000163e3a0
2022/03/24-15:55:01.771595 20931c600                Options.max_file_opening_threads: 16
2022/03/24-15:55:01.771596 20931c600                              Options.statistics: 0x0
2022/03/24-15:55:01.771597 20931c600                               Options.use_fsync: 1
2022/03/24-15:55:01.771598 20931c600                       Options.max_log_file_size: 0
2022/03/24-15:55:01.771599 20931c600                  Options.max_manifest_file_size: 1073741824
2022/03/24-15:55:01.771599 20931c600                   Options.log_file_time_to_roll: 0
2022/03/24-15:55:01.771600 20931c600                       Options.keep_log_file_num: 1000
2022/03/24-15:55:01.771601 20931c600                    Options.recycle_log_file_num: 0
2022/03/24-15:55:01.771602 20931c600                         Options.allow_fallocate: 1
2022/03/24-15:55:01.771603 20931c600                        Options.allow_mmap_reads: 0
2022/03/24-15:55:01.771603 20931c600                       Options.allow_mmap_writes: 0
2022/03/24-15:55:01.771604 20931c600                        Options.use_direct_reads: 0
2022/03/24-15:55:01.771605 20931c600                        Options.use_direct_io_for_flush_and_compaction: 0
2022/03/24-15:55:01.771606 20931c600          Options.create_missing_column_families: 1
2022/03/24-15:55:01.771606 20931c600                              Options.db_log_dir: 
2022/03/24-15:55:01.771607 20931c600                                 Options.wal_dir: /Users/jiujiangzhang/work/motoko/study/hello/.dfx/state/replicated_state/node-100/ic_consensus_pool/certification
2022/03/24-15:55:01.771608 20931c600                Options.table_cache_numshardbits: 6
2022/03/24-15:55:01.771609 20931c600                         Options.WAL_ttl_seconds: 0
2022/03/24-15:55:01.771609 20931c600                       Options.WAL_size_limit_MB: 0
2022/03/24-15:55:01.771610 20931c600                        Options.max_write_batch_group_size_bytes: 1048576
2022/03/24-15:55:01.771611 20931c600             Options.manifest_preallocation_size: 4194304
2022/03/24-15:55:01.771612 20931c600                     Options.is_fd_close_on_exec: 1
2022/03/24-15:55:01.771613 20931c600                   Options.advise_random_on_open: 1
2022/03/24-15:55:01.771613 20931c600                    Options.db_write_buffer_size: 0
2022/03/24-15:55:01.771614 20931c600                    Options.write_buffer_manager: 0x600003b3ae20
2022/03/24-15:55:01.771615 20931c600         Options.access_hint_on_compaction_start: 1
2022/03/24-15:55:01.771616 20931c600  Options.new_table_reader_for_compaction_inputs: 0
2022/03/24-15:55:01.771616 20931c600           Options.random_access_max_buffer_size: 1048576
2022/03/24-15:55:01.771617 20931c600                      Options.use_adaptive_mutex: 0
2022/03/24-15:55:01.771618 20931c600                            Options.rate_limiter: 0x0
2022/03/24-15:55:01.771619 20931c600     Options.sst_file_manager.rate_bytes_per_sec: 0
2022/03/24-15:55:01.771638 20931c600                       Options.wal_recovery_mode: 2
2022/03/24-15:55:01.771639 20931c600                  Options.enable_thread_tracking: 0
2022/03/24-15:55:01.771639 20931c600                  Options.enable_pipelined_write: 0
2022/03/24-15:55:01.771640 20931c600                  Options.unordered_write: 0
2022/03/24-15:55:01.771641 20931c600         Options.allow_concurrent_memtable_write: 1
2022/03/24-15:55:01.771642 20931c600      Options.enable_write_thread_adaptive_yield: 1
2022/03/24-15:55:01.771642 20931c600             Options.write_thread_max_yield_usec: 100
2022/03/24-15:55:01.771643 20931c600            Options.write_thread_slow_yield_usec: 3
2022/03/24-15:55:01.771644 20931c600                               Options.row_cache: None
2022/03/24-15:55:01.771645 20931c600                              Options.wal_filter: None
2022/03/24-15:55:01.771646 20931c600             Options.avoid_flush_during_recovery: 0
2022/03/24-15:55:01.771646 20931c600             Options.allow_ingest_behind: 0
2022/03/24-15:55:01.771647 20931c600             Options.preserve_deletes: 0
2022/03/24-15:55:01.771648 20931c600             Options.two_write_queues: 0
2022/03/24-15:55:01.771649 20931c600             Options.manual_wal_flush: 0
2022/03/24-15:55:01.771649 20931c600             Options.atomic_flush: 0
2022/03/24-15:55:01.771650 20931c600             Options.avoid_unnecessary_blocking_io: 0
2022/03/24-15:55:01.771651 20931c600                 Options.persist_stats_to_disk: 0
2022/03/24-15:55:01.771652 20931c600                 Options.write_dbid_to_manifest: 0
2022/03/24-15:55:01.771652 20931c600                 Options.log_readahead_size: 0
2022/03/24-15:55:01.771653 20931c600                 Options.file_checksum_gen_factory: Unknown
2022/03/24-15:55:01.771654 20931c600                 Options.best_efforts_recovery: 0
2022/03/24-15:55:01.771655 20931c600                Options.max_bgerror_resume_count: 2147483647
2022/03/24-15:55:01.771656 20931c600            Options.bgerror_resume_retry_interval: 1000000
2022/03/24-15:55:01.771657 20931c600             Options.max_background_jobs: 2
2022/03/24-15:55:01.771657 20931c600             Options.max_background_compactions: -1
2022/03/24-15:55:01.771658 20931c600             Options.max_subcompactions: 1
2022/03/24-15:55:01.771659 20931c600             Options.avoid_flush_during_shutdown: 0
2022/03/24-15:55:01.771660 20931c600           Options.writable_file_max_buffer_size: 1048576
2022/03/24-15:55:01.771660 20931c600             Options.delayed_write_rate : 16777216
2022/03/24-15:55:01.771661 20931c600             Options.max_total_wal_size: 0
2022/03/24-15:55:01.771662 20931c600             Options.delete_obsolete_files_period_micros: 21600000000
2022/03/24-15:55:01.771663 20931c600                   Options.stats_dump_period_sec: 600
2022/03/24-15:55:01.771664 20931c600                 Options.stats_persist_period_sec: 600
2022/03/24-15:55:01.771664 20931c600                 Options.stats_history_buffer_size: 1048576
2022/03/24-15:55:01.771665 20931c600                          Options.max_open_files: -1
2022/03/24-15:55:01.771666 20931c600                          Options.bytes_per_sync: 0
2022/03/24-15:55:01.771667 20931c600                      Options.wal_bytes_per_sync: 0
2022/03/24-15:55:01.771668 20931c600                   Options.strict_bytes_per_sync: 0
2022/03/24-15:55:01.771668 20931c600       Options.compaction_readahead_size: 0
2022/03/24-15:55:01.771669 20931c600                  Options.max_background_flushes: -1
2022/03/24-15:55:01.771670 20931c600 Compression algorithms supported:
2022/03/24-15:55:01.771671 20931c600 	kZSTD supported: 1
2022/03/24-15:55:01.771672 20931c600 	kZlibCompression supported: 1
2022/03/24-15:55:01.771672 20931c600 	kXpressCompression supported: 0
2022/03/24-15:55:01.771673 20931c600 	kSnappyCompression supported: 1
2022/03/24-15:55:01.771674 20931c600 	kZSTDNotFinalCompression supported: 1
2022/03/24-15:55:01.771675 20931c600 	kLZ4HCCompression supported: 1
2022/03/24-15:55:01.771676 20931c600 	kLZ4Compression supported: 1
2022/03/24-15:55:01.771685 20931c600 	kBZip2Compression supported: 1
2022/03/24-15:55:01.771686 20931c600 Fast CRC32 supported: Supported on x86
2022/03/24-15:55:01.771859 20931c600 [db/db_impl/db_impl_open.cc:271] Creating manifest 1 
2022/03/24-15:55:01.772098 20931c600 [db/version_set.cc:4560] Recovering from manifest file: /Users/jiujiangzhang/work/motoko/study/hello/.dfx/state/replicated_state/node-100/ic_consensus_pool/certification/MANIFEST-000001
2022/03/24-15:55:01.772115 20931c600 [db/column_family.cc:580] --------------- Options for column family [default]:
2022/03/24-15:55:01.772116 20931c600               Options.comparator: leveldb.BytewiseComparator
2022/03/24-15:55:01.772117 20931c600           Options.merge_operator: None
2022/03/24-15:55:01.772118 20931c600        Options.compaction_filter: None
2022/03/24-15:55:01.772118 20931c600        Options.compaction_filter_factory: None
2022/03/24-15:55:01.772119 20931c600  Options.sst_partitioner_factory: None
2022/03/24-15:55:01.772120 20931c600         Options.memtable_factory: SkipListFactory
2022/03/24-15:55:01.772121 20931c600            Options.table_factory: BlockBasedTable
2022/03/24-15:55:01.772133 20931c600            table_factory options:   flush_block_policy_factory: FlushBlockBySizePolicyFactory (0x60000373b4e0)
  cache_index_and_filter_blocks: 0
  cache_index_and_filter_blocks_with_high_priority: 1
  pin_l0_filter_and_index_blocks_in_cache: 0
  pin_top_level_index_and_filter: 1
  index_type: 0
  data_block_index_type: 0
  index_shortening: 1
  data_block_hash_table_util_ratio: 0.750000
  hash_index_allow_collision: 1
  checksum: 1
  no_block_cache: 0
  block_cache: 0x60000043c5b8
  block_cache_name: LRUCache
  block_cache_options:
    capacity : 8388608
    num_shard_bits : 4
    strict_capacity_limit : 0
    memory_allocator : None
    high_pri_pool_ratio: 0.000
  block_cache_compressed: 0x0
  persistent_cache: 0x0
  block_size: 4096
  block_size_deviation: 10
  block_restart_interval: 16
  index_block_restart_interval: 1
  metadata_block_size: 4096
  partition_filters: 0
  use_delta_encoding: 1
  filter_policy: nullptr
  whole_key_filtering: 1
  verify_compression: 0
  read_amp_bytes_per_bit: 0
  format_version: 4
  enable_index_compression: 1
  block_align: 0
2022/03/24-15:55:01.772134 20931c600        Options.write_buffer_size: 67108864
2022/03/24-15:55:01.772135 20931c600  Options.max_write_buffer_number: 2
2022/03/24-15:55:01.772136 20931c600          Options.compression: Snappy
2022/03/24-15:55:01.772137 20931c600                  Options.bottommost_compression: Disabled
2022/03/24-15:55:01.772137 20931c600       Options.prefix_extractor: nullptr
2022/03/24-15:55:01.772138 20931c600   Options.memtable_insert_with_hint_prefix_extractor: nullptr
2022/03/24-15:55:01.772139 20931c600             Options.num_levels: 7
2022/03/24-15:55:01.772140 20931c600        Options.min_write_buffer_number_to_merge: 1
2022/03/24-15:55:01.772141 20931c600     Options.max_write_buffer_number_to_maintain: 0
2022/03/24-15:55:01.772141 20931c600     Options.max_write_buffer_size_to_maintain: 0
2022/03/24-15:55:01.772142 20931c600            Options.bottommost_compression_opts.window_bits: -14
2022/03/24-15:55:01.772143 20931c600                  Options.bottommost_compression_opts.level: 32767
2022/03/24-15:55:01.772144 20931c600               Options.bottommost_compression_opts.strategy: 0
2022/03/24-15:55:01.772145 20931c600         Options.bottommost_compression_opts.max_dict_bytes: 0
2022/03/24-15:55:01.772145 20931c600         Options.bottommost_compression_opts.zstd_max_train_bytes: 0
2022/03/24-15:55:01.772146 20931c600         Options.bottommost_compression_opts.parallel_threads: 1
2022/03/24-15:55:01.772147 20931c600                  Options.bottommost_compression_opts.enabled: false
2022/03/24-15:55:01.772148 20931c600            Options.compression_opts.window_bits: -14
2022/03/24-15:55:01.772149 20931c600                  Options.compression_opts.level: 32767
2022/03/24-15:55:01.772149 20931c600               Options.compression_opts.strategy: 0
2022/03/24-15:55:01.772160 20931c600         Options.compression_opts.max_dict_bytes: 0
2022/03/24-15:55:01.772161 20931c600         Options.compression_opts.zstd_max_train_bytes: 0
2022/03/24-15:55:01.772162 20931c600         Options.compression_opts.parallel_threads: 1
2022/03/24-15:55:01.772163 20931c600                  Options.compression_opts.enabled: false
2022/03/24-15:55:01.772163 20931c600      Options.level0_file_num_compaction_trigger: 4
2022/03/24-15:55:01.772164 20931c600          Options.level0_slowdown_writes_trigger: 20
2022/03/24-15:55:01.772165 20931c600              Options.level0_stop_writes_trigger: 36
2022/03/24-15:55:01.772166 20931c600                   Options.target_file_size_base: 67108864
2022/03/24-15:55:01.772167 20931c600             Options.target_file_size_multiplier: 1
2022/03/24-15:55:01.772167 20931c600                Options.max_bytes_for_level_base: 268435456
2022/03/24-15:55:01.772168 20931c600 Options.level_compaction_dynamic_level_bytes: 0
2022/03/24-15:55:01.772169 20931c600          Options.max_bytes_for_level_multiplier: 10.000000
2022/03/24-15:55:01.772170 20931c600 Options.max_bytes_for_level_multiplier_addtl[0]: 1
2022/03/24-15:55:01.772171 20931c600 Options.max_bytes_for_level_multiplier_addtl[1]: 1
2022/03/24-15:55:01.772172 20931c600 Options.max_bytes_for_level_multiplier_addtl[2]: 1
2022/03/24-15:55:01.772172 20931c600 Options.max_bytes_for_level_multiplier_addtl[3]: 1
2022/03/24-15:55:01.772173 20931c600 Options.max_bytes_for_level_multiplier_addtl[4]: 1
2022/03/24-15:55:01.772174 20931c600 Options.max_bytes_for_level_multiplier_addtl[5]: 1
2022/03/24-15:55:01.772175 20931c600 Options.max_bytes_for_level_multiplier_addtl[6]: 1
2022/03/24-15:55:01.772176 20931c600       Options.max_sequential_skip_in_iterations: 8
2022/03/24-15:55:01.772176 20931c600                    Options.max_compaction_bytes: 1677721600
2022/03/24-15:55:01.772177 20931c600                        Options.arena_block_size: 8388608
2022/03/24-15:55:01.772178 20931c600   Options.soft_pending_compaction_bytes_limit: 68719476736
2022/03/24-15:55:01.772179 20931c600   Options.hard_pending_compaction_bytes_limit: 274877906944
2022/03/24-15:55:01.772180 20931c600       Options.rate_limit_delay_max_milliseconds: 100
2022/03/24-15:55:01.772180 20931c600                Options.disable_auto_compactions: 0
2022/03/24-15:55:01.772181 20931c600                        Options.compaction_style: kCompactionStyleLevel
2022/03/24-15:55:01.772182 20931c600                          Options.compaction_pri: kMinOverlappingRatio
2022/03/24-15:55:01.772183 20931c600 Options.compaction_options_universal.size_ratio: 1
2022/03/24-15:55:01.772184 20931c600 Options.compaction_options_universal.min_merge_width: 2
2022/03/24-15:55:01.772184 20931c600 Options.compaction_options_universal.max_merge_width: 4294967295
2022/03/24-15:55:01.772185 20931c600 Options.compaction_options_universal.max_size_amplification_percent: 200
2022/03/24-15:55:01.772186 20931c600 Options.compaction_options_universal.compression_size_percent: -1
2022/03/24-15:55:01.772187 20931c600 Options.compaction_options_universal.stop_style: kCompactionStopStyleTotalSize
2022/03/24-15:55:01.772188 20931c600 Options.compaction_options_fifo.max_table_files_size: 1073741824
2022/03/24-15:55:01.772189 20931c600 Options.compaction_options_fifo.allow_compaction: 0
2022/03/24-15:55:01.772190 20931c600                   Options.table_properties_collectors: 
2022/03/24-15:55:01.772190 20931c600                   Options.inplace_update_support: 0
2022/03/24-15:55:01.772191 20931c600                 Options.inplace_update_num_locks: 10000
2022/03/24-15:55:01.772192 20931c600               Options.memtable_prefix_bloom_size_ratio: 0.000000
2022/03/24-15:55:01.772193 20931c600               Options.memtable_whole_key_filtering: 0
2022/03/24-15:55:01.772194 20931c600   Options.memtable_huge_page_size: 0
2022/03/24-15:55:01.772194 20931c600                           Options.bloom_locality: 0
2022/03/24-15:55:01.772195 20931c600                    Options.max_successive_merges: 0
2022/03/24-15:55:01.772205 20931c600                Options.optimize_filters_for_hits: 0
2022/03/24-15:55:01.772206 20931c600                Options.paranoid_file_checks: 0
2022/03/24-15:55:01.772207 20931c600                Options.force_consistency_checks: 0
2022/03/24-15:55:01.772208 20931c600                Options.report_bg_io_stats: 0
2022/03/24-15:55:01.772208 20931c600                               Options.ttl: 2592000
2022/03/24-15:55:01.772209 20931c600          Options.periodic_compaction_seconds: 0
2022/03/24-15:55:01.772997 20931c600 [db/version_set.cc:4718] Recovered from manifest file:/Users/jiujiangzhang/work/motoko/study/hello/.dfx/state/replicated_state/node-100/ic_consensus_pool/certification/MANIFEST-000001 succeeded,manifest_file_number is 1, next_file_number is 3, last_sequence is 0, log_number is 0,prev_log_number is 0,max_column_family is 0,min_log_number_to_keep is 0
2022/03/24-15:55:01.773000 20931c600 [db/version_set.cc:4727] Column family [default] (ID 0), log number is 0
2022/03/24-15:55:01.773087 20931c600 [db/version_set.cc:3950] Creating manifest 4
2022/03/24-15:55:01.773338 20931c600 [db/column_family.cc:580] --------------- Options for column family [CE]:
2022/03/24-15:55:01.773340 20931c600               Options.comparator: leveldb.BytewiseComparator
2022/03/24-15:55:01.773341 20931c600           Options.merge_operator: None
2022/03/24-15:55:01.773342 20931c600        Options.compaction_filter: filter_outdated
2022/03/24-15:55:01.773342 20931c600        Options.compaction_filter_factory: None
2022/03/24-15:55:01.773343 20931c600  Options.sst_partitioner_factory: None
2022/03/24-15:55:01.773344 20931c600         Options.memtable_factory: SkipListFactory
2022/03/24-15:55:01.773345 20931c600            Options.table_factory: BlockBasedTable
2022/03/24-15:55:01.773356 20931c600            table_factory options:   flush_block_policy_factory: FlushBlockBySizePolicyFactory (0x60000373b430)
  cache_index_and_filter_blocks: 0
  cache_index_and_filter_blocks_with_high_priority: 1
  pin_l0_filter_and_index_blocks_in_cache: 0
  pin_top_level_index_and_filter: 1
  index_type: 0
  data_block_index_type: 0
  index_shortening: 1
  data_block_hash_table_util_ratio: 0.750000
  hash_index_allow_collision: 1
  checksum: 1
  no_block_cache: 0
  block_cache: 0x60000043c518
  block_cache_name: LRUCache
  block_cache_options:
    capacity : 8388608
    num_shard_bits : 4
    strict_capacity_limit : 0
    memory_allocator : None
    high_pri_pool_ratio: 0.000
  block_cache_compressed: 0x0
  persistent_cache: 0x0
  block_size: 4096
  block_size_deviation: 10
  block_restart_interval: 16
  index_block_restart_interval: 1
  metadata_block_size: 4096
  partition_filters: 0
  use_delta_encoding: 1
  filter_policy: nullptr
  whole_key_filtering: 1
  verify_compression: 0
  read_amp_bytes_per_bit: 0
  format_version: 4
  enable_index_compression: 1
  block_align: 0
2022/03/24-15:55:01.773359 20931c600        Options.write_buffer_size: 67108864
2022/03/24-15:55:01.773360 20931c600  Options.max_write_buffer_number: 2
2022/03/24-15:55:01.773360 20931c600          Options.compression: NoCompression
2022/03/24-15:55:01.773361 20931c600                  Options.bottommost_compression: Disabled
2022/03/24-15:55:01.773362 20931c600       Options.prefix_extractor: nullptr
2022/03/24-15:55:01.773363 20931c600   Options.memtable_insert_with_hint_prefix_extractor: nullptr
2022/03/24-15:55:01.773364 20931c600             Options.num_levels: 7
2022/03/24-15:55:01.773364 20931c600        Options.min_write_buffer_number_to_merge: 1
2022/03/24-15:55:01.773365 20931c600     Options.max_write_buffer_number_to_maintain: 0
2022/03/24-15:55:01.773366 20931c600     Options.max_write_buffer_size_to_maintain: 0
2022/03/24-15:55:01.773367 20931c600            Options.bottommost_compression_opts.window_bits: -14
2022/03/24-15:55:01.773368 20931c600                  Options.bottommost_compression_opts.level: 32767
2022/03/24-15:55:01.773368 20931c600               Options.bottommost_compression_opts.strategy: 0
2022/03/24-15:55:01.773369 20931c600         Options.bottommost_compression_opts.max_dict_bytes: 0
2022/03/24-15:55:01.773370 20931c600         Options.bottommost_compression_opts.zstd_max_train_bytes: 0
2022/03/24-15:55:01.773371 20931c600         Options.bottommost_compression_opts.parallel_threads: 1
2022/03/24-15:55:01.773371 20931c600                  Options.bottommost_compression_opts.enabled: false
2022/03/24-15:55:01.773372 20931c600            Options.compression_opts.window_bits: -14
2022/03/24-15:55:01.773373 20931c600                  Options.compression_opts.level: 32767
2022/03/24-15:55:01.773374 20931c600               Options.compression_opts.strategy: 0
2022/03/24-15:55:01.773374 20931c600         Options.compression_opts.max_dict_bytes: 0
2022/03/24-15:55:01.773375 20931c600         Options.compression_opts.zstd_max_train_bytes: 0
2022/03/24-15:55:01.773376 20931c600         Options.compression_opts.parallel_threads: 1
2022/03/24-15:55:01.773377 20931c600                  Options.compression_opts.enabled: false
2022/03/24-15:55:01.773377 20931c600      Options.level0_file_num_compaction_trigger: 4
2022/03/24-15:55:01.773393 20931c600          Options.level0_slowdown_writes_trigger: 20
2022/03/24-15:55:01.773394 20931c600              Options.level0_stop_writes_trigger: 36
2022/03/24-15:55:01.773395 20931c600                   Options.target_file_size_base: 67108864
2022/03/24-15:55:01.773396 20931c600             Options.target_file_size_multiplier: 1
2022/03/24-15:55:01.773397 20931c600                Options.max_bytes_for_level_base: 268435456
2022/03/24-15:55:01.773397 20931c600 Options.level_compaction_dynamic_level_bytes: 0
2022/03/24-15:55:01.773398 20931c600          Options.max_bytes_for_level_multiplier: 10.000000
2022/03/24-15:55:01.773399 20931c600 Options.max_bytes_for_level_multiplier_addtl[0]: 1
2022/03/24-15:55:01.773400 20931c600 Options.max_bytes_for_level_multiplier_addtl[1]: 1
2022/03/24-15:55:01.773401 20931c600 Options.max_bytes_for_level_multiplier_addtl[2]: 1
2022/03/24-15:55:01.773402 20931c600 Options.max_bytes_for_level_multiplier_addtl[3]: 1
2022/03/24-15:55:01.773402 20931c600 Options.max_bytes_for_level_multiplier_addtl[4]: 1
2022/03/24-15:55:01.773403 20931c600 Options.max_bytes_for_level_multiplier_addtl[5]: 1
2022/03/24-15:55:01.773404 20931c600 Options.max_bytes_for_level_multiplier_addtl[6]: 1
2022/03/24-15:55:01.773405 20931c600       Options.max_sequential_skip_in_iterations: 8
2022/03/24-15:55:01.773405 20931c600                    Options.max_compaction_bytes: 1677721600
2022/03/24-15:55:01.773406 20931c600                        Options.arena_block_size: 8388608
2022/03/24-15:55:01.773407 20931c600   Options.soft_pending_compaction_bytes_limit: 68719476736
2022/03/24-15:55:01.773408 20931c600   Options.hard_pending_compaction_bytes_limit: 274877906944
2022/03/24-15:55:01.773409 20931c600       Options.rate_limit_delay_max_milliseconds: 100
2022/03/24-15:55:01.773409 20931c600                Options.disable_auto_compactions: 1
2022/03/24-15:55:01.773410 20931c600                        Options.compaction_style: kCompactionStyleLevel
2022/03/24-15:55:01.773411 20931c600                          Options.compaction_pri: kMinOverlappingRatio
2022/03/24-15:55:01.773412 20931c600 Options.compaction_options_universal.size_ratio: 1
2022/03/24-15:55:01.773413 20931c600 Options.compaction_options_universal.min_merge_width: 2
2022/03/24-15:55:01.773413 20931c600 Options.compaction_options_universal.max_merge_width: 4294967295
2022/03/24-15:55:01.773414 20931c600 Options.compaction_options_universal.max_size_amplification_percent: 200
2022/03/24-15:55:01.773415 20931c600 Options.compaction_options_universal.compression_size_percent: -1
2022/03/24-15:55:01.773416 20931c600 Options.compaction_options_universal.stop_style: kCompactionStopStyleTotalSize
2022/03/24-15:55:01.773417 20931c600 Options.compaction_options_fifo.max_table_files_size: 1073741824
2022/03/24-15:55:01.773418 20931c600 Options.compaction_options_fifo.allow_compaction: 0
2022/03/24-15:55:01.773419 20931c600                   Options.table_properties_collectors: 
2022/03/24-15:55:01.773419 20931c600                   Options.inplace_update_support: 0
2022/03/24-15:55:01.773420 20931c600                 Options.inplace_update_num_locks: 10000
2022/03/24-15:55:01.773421 20931c600               Options.memtable_prefix_bloom_size_ratio: 0.000000
2022/03/24-15:55:01.773422 20931c600               Options.memtable_whole_key_filtering: 0
2022/03/24-15:55:01.773423 20931c600   Options.memtable_huge_page_size: 0
2022/03/24-15:55:01.773423 20931c600                           Options.bloom_locality: 0
2022/03/24-15:55:01.773424 20931c600                    Options.max_successive_merges: 0
2022/03/24-15:55:01.773425 20931c600                Options.optimize_filters_for_hits: 0
2022/03/24-15:55:01.773426 20931c600                Options.paranoid_file_checks: 0
2022/03/24-15:55:01.773426 20931c600                Options.force_consistency_checks: 0
2022/03/24-15:55:01.773427 20931c600                Options.report_bg_io_stats: 0
2022/03/24-15:55:01.773428 20931c600                               Options.ttl: 2592000
2022/03/24-15:55:01.773429 20931c600          Options.periodic_compaction_seconds: 2592000
2022/03/24-15:55:01.773459 20931c600 [db/db_impl/db_impl.cc:2563] Created column family [CE] (ID 1)
2022/03/24-15:55:01.774162 20931c600 [db/column_family.cc:580] --------------- Options for column family [CES]:
2022/03/24-15:55:01.774163 20931c600               Options.comparator: leveldb.BytewiseComparator
2022/03/24-15:55:01.774164 20931c600           Options.merge_operator: None
2022/03/24-15:55:01.774165 20931c600        Options.compaction_filter: filter_outdated
2022/03/24-15:55:01.774166 20931c600        Options.compaction_filter_factory: None
2022/03/24-15:55:01.774166 20931c600  Options.sst_partitioner_factory: None
2022/03/24-15:55:01.774167 20931c600         Options.memtable_factory: SkipListFactory
2022/03/24-15:55:01.774168 20931c600            Options.table_factory: BlockBasedTable
2022/03/24-15:55:01.774181 20931c600            table_factory options:   flush_block_policy_factory: FlushBlockBySizePolicyFactory (0x60000373b480)
  cache_index_and_filter_blocks: 0
  cache_index_and_filter_blocks_with_high_priority: 1
  pin_l0_filter_and_index_blocks_in_cache: 0
  pin_top_level_index_and_filter: 1
  index_type: 0
  data_block_index_type: 0
  index_shortening: 1
  data_block_hash_table_util_ratio: 0.750000
  hash_index_allow_collision: 1
  checksum: 1
  no_block_cache: 0
  block_cache: 0x60000043cb58
  block_cache_name: LRUCache
  block_cache_options:
    capacity : 8388608
    num_shard_bits : 4
    strict_capacity_limit : 0
    memory_allocator : None
    high_pri_pool_ratio: 0.000
  block_cache_compressed: 0x0
  persistent_cache: 0x0
  block_size: 4096
  block_size_deviation: 10
  block_restart_interval: 16
  index_block_restart_interval: 1
  metadata_block_size: 4096
  partition_filters: 0
  use_delta_encoding: 1
  filter_policy: nullptr
  whole_key_filtering: 1
  verify_compression: 0
  read_amp_bytes_per_bit: 0
  format_version: 4
  enable_index_compression: 1
  block_align: 0
2022/03/24-15:55:01.774182 20931c600        Options.write_buffer_size: 67108864
2022/03/24-15:55:01.774183 20931c600  Options.max_write_buffer_number: 2
2022/03/24-15:55:01.774184 20931c600          Options.compression: NoCompression
2022/03/24-15:55:01.774184 20931c600                  Options.bottommost_compression: Disabled
2022/03/24-15:55:01.774185 20931c600       Options.prefix_extractor: nullptr
2022/03/24-15:55:01.774186 20931c600   Options.memtable_insert_with_hint_prefix_extractor: nullptr
2022/03/24-15:55:01.774187 20931c600             Options.num_levels: 7
2022/03/24-15:55:01.774187 20931c600        Options.min_write_buffer_number_to_merge: 1
2022/03/24-15:55:01.774188 20931c600     Options.max_write_buffer_number_to_maintain: 0
2022/03/24-15:55:01.774189 20931c600     Options.max_write_buffer_size_to_maintain: 0
2022/03/24-15:55:01.774190 20931c600            Options.bottommost_compression_opts.window_bits: -14
2022/03/24-15:55:01.774191 20931c600                  Options.bottommost_compression_opts.level: 32767
2022/03/24-15:55:01.774191 20931c600               Options.bottommost_compression_opts.strategy: 0
2022/03/24-15:55:01.774192 20931c600         Options.bottommost_compression_opts.max_dict_bytes: 0
2022/03/24-15:55:01.774193 20931c600         Options.bottommost_compression_opts.zstd_max_train_bytes: 0
2022/03/24-15:55:01.774194 20931c600         Options.bottommost_compression_opts.parallel_threads: 1
2022/03/24-15:55:01.774194 20931c600                  Options.bottommost_compression_opts.enabled: false
2022/03/24-15:55:01.774195 20931c600            Options.compression_opts.window_bits: -14
2022/03/24-15:55:01.774196 20931c600                  Options.compression_opts.level: 32767
2022/03/24-15:55:01.774197 20931c600               Options.compression_opts.strategy: 0
2022/03/24-15:55:01.774198 20931c600         Options.compression_opts.max_dict_bytes: 0
2022/03/24-15:55:01.774198 20931c600         Options.compression_opts.zstd_max_train_bytes: 0
2022/03/24-15:55:01.774199 20931c600         Options.compression_opts.parallel_threads: 1
2022/03/24-15:55:01.774200 20931c600                  Options.compression_opts.enabled: false
2022/03/24-15:55:01.774201 20931c600      Options.level0_file_num_compaction_trigger: 4
2022/03/24-15:55:01.774214 20931c600          Options.level0_slowdown_writes_trigger: 20
2022/03/24-15:55:01.774215 20931c600              Options.level0_stop_writes_trigger: 36
2022/03/24-15:55:01.774216 20931c600                   Options.target_file_size_base: 67108864
2022/03/24-15:55:01.774217 20931c600             Options.target_file_size_multiplier: 1
2022/03/24-15:55:01.774218 20931c600                Options.max_bytes_for_level_base: 268435456
2022/03/24-15:55:01.774218 20931c600 Options.level_compaction_dynamic_level_bytes: 0
2022/03/24-15:55:01.774219 20931c600          Options.max_bytes_for_level_multiplier: 10.000000
2022/03/24-15:55:01.774220 20931c600 Options.max_bytes_for_level_multiplier_addtl[0]: 1
2022/03/24-15:55:01.774221 20931c600 Options.max_bytes_for_level_multiplier_addtl[1]: 1
2022/03/24-15:55:01.774222 20931c600 Options.max_bytes_for_level_multiplier_addtl[2]: 1
2022/03/24-15:55:01.774223 20931c600 Options.max_bytes_for_level_multiplier_addtl[3]: 1
2022/03/24-15:55:01.774223 20931c600 Options.max_bytes_for_level_multiplier_addtl[4]: 1
2022/03/24-15:55:01.774224 20931c600 Options.max_bytes_for_level_multiplier_addtl[5]: 1
2022/03/24-15:55:01.774225 20931c600 Options.max_bytes_for_level_multiplier_addtl[6]: 1
2022/03/24-15:55:01.774226 20931c600       Options.max_sequential_skip_in_iterations: 8
2022/03/24-15:55:01.774226 20931c600                    Options.max_compaction_bytes: 1677721600
2022/03/24-15:55:01.774227 20931c600                        Options.arena_block_size: 8388608
2022/03/24-15:55:01.774228 20931c600   Options.soft_pending_compaction_bytes_limit: 68719476736
2022/03/24-15:55:01.774229 20931c600   Options.hard_pending_compaction_bytes_limit: 274877906944
2022/03/24-15:55:01.774230 20931c600       Options.rate_limit_delay_max_milliseconds: 100
2022/03/24-15:55:01.774230 20931c600                Options.disable_auto_compactions: 1
2022/03/24-15:55:01.774231 20931c600                        Options.compaction_style: kCompactionStyleLevel
2022/03/24-15:55:01.774232 20931c600                          Options.compaction_pri: kMinOverlappingRatio
2022/03/24-15:55:01.774233 20931c600 Options.compaction_options_universal.size_ratio: 1
2022/03/24-15:55:01.774234 20931c600 Options.compaction_options_universal.min_merge_width: 2
2022/03/24-15:55:01.774234 20931c600 Options.compaction_options_universal.max_merge_width: 4294967295
2022/03/24-15:55:01.774235 20931c600 Options.compaction_options_universal.max_size_amplification_percent: 200
2022/03/24-15:55:01.774236 20931c600 Options.compaction_options_universal.compression_size_percent: -1
2022/03/24-15:55:01.774237 20931c600 Options.compaction_options_universal.stop_style: kCompactionStopStyleTotalSize
2022/03/24-15:55:01.774238 20931c600 Options.compaction_options_fifo.max_table_files_size: 1073741824
2022/03/24-15:55:01.774238 20931c600 Options.compaction_options_fifo.allow_compaction: 0
2022/03/24-15:55:01.774239 20931c600                   Options.table_properties_collectors: 
2022/03/24-15:55:01.774240 20931c600                   Options.inplace_update_support: 0
2022/03/24-15:55:01.774241 20931c600                 Options.inplace_update_num_locks: 10000
2022/03/24-15:55:01.774242 20931c600               Options.memtable_prefix_bloom_size_ratio: 0.000000
2022/03/24-15:55:01.774242 20931c600               Options.memtable_whole_key_filtering: 0
2022/03/24-15:55:01.774243 20931c600   Options.memtable_huge_page_size: 0
2022/03/24-15:55:01.774244 20931c600                           Options.bloom_locality: 0
2022/03/24-15:55:01.774245 20931c600                    Options.max_successive_merges: 0
2022/03/24-15:55:01.774245 20931c600                Options.optimize_filters_for_hits: 0
2022/03/24-15:55:01.774246 20931c600                Options.paranoid_file_checks: 0
2022/03/24-15:55:01.774247 20931c600                Options.force_consistency_checks: 0
2022/03/24-15:55:01.774248 20931c600                Options.report_bg_io_stats: 0
2022/03/24-15:55:01.774248 20931c600                               Options.ttl: 2592000
2022/03/24-15:55:01.774249 20931c600          Options.periodic_compaction_seconds: 2592000
2022/03/24-15:55:01.774276 20931c600 [db/db_impl/db_impl.cc:2563] Created column family [CES] (ID 2)
2022/03/24-15:55:01.776000 20931c600 [db/db_impl/db_impl_open.cc:1639] SstFileManager instance 0x7fc9c4112390
2022/03/24-15:55:01.776024 20931c600 DB pointer 0x7fc9c388fe00
2022/03/24-15:55:02.781218 316e2a000 [db/db_impl/db_impl.cc:899] ------- DUMPING STATS -------
2022/03/24-15:55:02.781229 316e2a000 [db/db_impl/db_impl.cc:900] 
** DB Stats **
Uptime(secs): 1.0 total, 1.0 interval
Cumulative writes: 2 writes, 2 keys, 2 commit groups, 0.7 writes per commit group, ingest: 0.00 GB, 0.00 MB/s
Cumulative WAL: 2 writes, 0 syncs, 2.00 writes per sync, written: 0.00 GB, 0.00 MB/s
Cumulative stall: 00:00:0.000 H:M:S, 0.0 percent
Interval writes: 2 writes, 2 keys, 2 commit groups, 0.7 writes per commit group, ingest: 0.00 MB, 0.00 MB/s
Interval WAL: 2 writes, 0 syncs, 2.00 writes per sync, written: 0.00 MB, 0.00 MB/s
Interval stall: 00:00:0.000 H:M:S, 0.0 percent

** Compaction Stats [default] **
Level    Files   Size     Score Read(GB)  Rn(GB) Rnp1(GB) Write(GB) Wnew(GB) Moved(GB) W-Amp Rd(MB/s) Wr(MB/s) Comp(sec) CompMergeCPU(sec) Comp(cnt) Avg(sec) KeyIn KeyDrop
----------------------------------------------------------------------------------------------------------------------------------------------------------------------------
 Sum      0/0    0.00 KB   0.0      0.0     0.0      0.0       0.0      0.0       0.0   0.0      0.0      0.0      0.00              0.00         0    0.000       0      0
 Int      0/0    0.00 KB   0.0      0.0     0.0      0.0       0.0      0.0       0.0   0.0      0.0      0.0      0.00              0.00         0    0.000       0      0

** Compaction Stats [default] **
Priority    Files   Size     Score Read(GB)  Rn(GB) Rnp1(GB) Write(GB) Wnew(GB) Moved(GB) W-Amp Rd(MB/s) Wr(MB/s) Comp(sec) CompMergeCPU(sec) Comp(cnt) Avg(sec) KeyIn KeyDrop
-------------------------------------------------------------------------------------------------------------------------------------------------------------------------------
Uptime(secs): 1.0 total, 1.0 interval
Flush(GB): cumulative 0.000, interval 0.000
AddFile(GB): cumulative 0.000, interval 0.000
AddFile(Total Files): cumulative 0, interval 0
AddFile(L0 Files): cumulative 0, interval 0
AddFile(Keys): cumulative 0, interval 0
Cumulative compaction: 0.00 GB write, 0.00 MB/s write, 0.00 GB read, 0.00 MB/s read, 0.0 seconds
Interval compaction: 0.00 GB write, 0.00 MB/s write, 0.00 GB read, 0.00 MB/s read, 0.0 seconds
Stalls(count): 0 level0_slowdown, 0 level0_slowdown_with_compaction, 0 level0_numfiles, 0 level0_numfiles_with_compaction, 0 stop for pending_compaction_bytes, 0 slowdown for pending_compaction_bytes, 0 memtable_compaction, 0 memtable_slowdown, interval 0 total count

** File Read Latency Histogram By Level [default] **

** Compaction Stats [CE] **
Level    Files   Size     Score Read(GB)  Rn(GB) Rnp1(GB) Write(GB) Wnew(GB) Moved(GB) W-Amp Rd(MB/s) Wr(MB/s) Comp(sec) CompMergeCPU(sec) Comp(cnt) Avg(sec) KeyIn KeyDrop
----------------------------------------------------------------------------------------------------------------------------------------------------------------------------
 Sum      0/0    0.00 KB   0.0      0.0     0.0      0.0       0.0      0.0       0.0   0.0      0.0      0.0      0.00              0.00         0    0.000       0      0
 Int      0/0    0.00 KB   0.0      0.0     0.0      0.0       0.0      0.0       0.0   0.0      0.0      0.0      0.00              0.00         0    0.000       0      0

** Compaction Stats [CE] **
Priority    Files   Size     Score Read(GB)  Rn(GB) Rnp1(GB) Write(GB) Wnew(GB) Moved(GB) W-Amp Rd(MB/s) Wr(MB/s) Comp(sec) CompMergeCPU(sec) Comp(cnt) Avg(sec) KeyIn KeyDrop
-------------------------------------------------------------------------------------------------------------------------------------------------------------------------------
Uptime(secs): 1.0 total, 1.0 interval
Flush(GB): cumulative 0.000, interval 0.000
AddFile(GB): cumulative 0.000, interval 0.000
AddFile(Total Files): cumulative 0, interval 0
AddFile(L0 Files): cumulative 0, interval 0
AddFile(Keys): cumulative 0, interval 0
Cumulative compaction: 0.00 GB write, 0.00 MB/s write, 0.00 GB read, 0.00 MB/s read, 0.0 seconds
Interval compaction: 0.00 GB write, 0.00 MB/s write, 0.00 GB read, 0.00 MB/s read, 0.0 seconds
Stalls(count): 0 level0_slowdown, 0 level0_slowdown_with_compaction, 0 level0_numfiles, 0 level0_numfiles_with_compaction, 0 stop for pending_compaction_bytes, 0 slowdown for pending_compaction_bytes, 0 memtable_compaction, 0 memtable_slowdown, interval 0 total count

** File Read Latency Histogram By Level [CE] **

** Compaction Stats [CES] **
Level    Files   Size     Score Read(GB)  Rn(GB) Rnp1(GB) Write(GB) Wnew(GB) Moved(GB) W-Amp Rd(MB/s) Wr(MB/s) Comp(sec) CompMergeCPU(sec) Comp(cnt) Avg(sec) KeyIn KeyDrop
----------------------------------------------------------------------------------------------------------------------------------------------------------------------------
 Sum      0/0    0.00 KB   0.0      0.0     0.0      0.0       0.0      0.0       0.0   0.0      0.0      0.0      0.00              0.00         0    0.000       0      0
 Int      0/0    0.00 KB   0.0      0.0     0.0      0.0       0.0      0.0       0.0   0.0      0.0      0.0      0.00              0.00         0    0.000       0      0

** Compaction Stats [CES] **
Priority    Files   Size     Score Read(GB)  Rn(GB) Rnp1(GB) Write(GB) Wnew(GB) Moved(GB) W-Amp Rd(MB/s) Wr(MB/s) Comp(sec) CompMergeCPU(sec) Comp(cnt) Avg(sec) KeyIn KeyDrop
